,341F-785R-Margo100,341F-785R-Margo101,341F-785R-Margo102,341F-785R-Margo103,341F-785R-Margo104,341F-785R-Margo105,341F-785R-Margo106,341F-785R-Margo107,341F-785R-Margo10,341F-785R-Margo11,341F-785R-Margo12,341F-785R-Margo13,341F-785R-Margo14,341F-785R-Margo15,341F-785R-Margo16,341F-785R-Margo17,341F-785R-Margo18,341F-785R-Margo19,341F-785R-Margo1,341F-785R-Margo20,341F-785R-Margo21,341F-785R-Margo22,341F-785R-Margo23,341F-785R-Margo24,341F-785R-Margo25,341F-785R-Margo26,341F-785R-Margo27,341F-785R-Margo28,341F-785R-Margo29,341F-785R-Margo2,341F-785R-Margo30,341F-785R-Margo31,341F-785R-Margo32,341F-785R-Margo33,341F-785R-Margo34,341F-785R-Margo35,341F-785R-Margo36,341F-785R-Margo37,341F-785R-Margo38,341F-785R-Margo39,341F-785R-Margo3,341F-785R-Margo40,341F-785R-Margo41,341F-785R-Margo42,341F-785R-Margo43,341F-785R-Margo44,341F-785R-Margo45,341F-785R-Margo46,341F-785R-Margo47,341F-785R-Margo48,341F-785R-Margo49,341F-785R-Margo4,341F-785R-Margo50,341F-785R-Margo51,341F-785R-Margo52,341F-785R-Margo53,341F-785R-Margo54,341F-785R-Margo55,341F-785R-Margo56,341F-785R-Margo57,341F-785R-Margo58,341F-785R-Margo59,341F-785R-Margo5,341F-785R-Margo60,341F-785R-Margo61,341F-785R-Margo62,341F-785R-Margo63,341F-785R-Margo64,341F-785R-Margo65,341F-785R-Margo66,341F-785R-Margo67,341F-785R-Margo68,341F-785R-Margo69,341F-785R-Margo6,341F-785R-Margo70,341F-785R-Margo71,341F-785R-Margo72,341F-785R-Margo73,341F-785R-Margo74,341F-785R-Margo75,341F-785R-Margo76,341F-785R-Margo77,341F-785R-Margo78,341F-785R-Margo79,341F-785R-Margo7,341F-785R-Margo80,341F-785R-Margo81,341F-785R-Margo82,341F-785R-Margo83,341F-785R-Margo84,341F-785R-Margo85,341F-785R-Margo86,341F-785R-Margo87,341F-785R-Margo88,341F-785R-Margo89,341F-785R-Margo8,341F-785R-Margo90,341F-785R-Margo91,341F-785R-Margo92,341F-785R-Margo93,341F-785R-Margo94,341F-785R-Margo95,341F-785R-Margo96,341F-785R-Margo97,341F-785R-Margo98,341F-785R-Margo99,341F-785R-Margo9
341F-785R-Margo100,0,0.496244045,0.500943515,0.519550643,0.428881713,0.470140516,0.471729847,0.399517696,0.419624735,0.483342122,0.46207065,0.379840983,0.496223383,0.432422437,0.418438695,0.399400171,0.444705355,0.562626137,0.406193548,0.454809525,0.385472762,0.483170209,0.44039342,0.469735289,0.50495928,0.471510032,0.431627686,0.562455108,0.53618382,0.405871321,0.497392674,0.476861794,0.489853195,0.43692981,0.47064889,0.489155382,0.529215964,0.4099517,0.478916217,0.532598689,0.472888207,0.577415677,0.479802483,0.443422689,0.478692496,0.501624365,0.532559415,0.77857088,0.424439968,0.44374775,0.429919688,0.433396312,0.463125472,0.503741639,0.468081464,0.511371259,0.46645909,0.511813332,0.521161708,0.451299011,0.464890324,0.459275888,0.373495546,0.480054608,0.514387812,0.448651524,0.437664243,0.490098348,0.426369401,0.485373463,0.50320901,0.470027615,0.463291253,0.47286585,0.528061577,0.459268356,0.438282212,0.449650919,0.479182646,0.430236379,0.465550154,0.415034267,0.42975598,0.47047752,0.527638347,0.425644515,0.401875354,0.5358315,0.60593592,0.39235355,0.479986266,0.515449653,0.443748993,0.402154779,0.457266991,0.454607015,0.41551605,0.475711417,0.387680316,0.519575245,0.477071988,0.483095408,0.493490736,0.430779235,0.443369738,0.474053256,0.40328156
341F-785R-Margo101,0.496244045,0,0.411311757,0.424401245,0.477255164,0.500101232,0.416421775,0.504950651,0.45856684,0.454388787,0.417774673,0.42367258,0.364486335,0.458645398,0.50178141,0.464923037,0.499986441,0.572032548,0.418530115,0.476233396,0.474051332,0.395140988,0.488707497,0.416165739,0.458803758,0.455656916,0.444083657,0.530885001,0.43375329,0.450063215,0.460185395,0.433169551,0.47443378,0.392774668,0.419102056,0.49404614,0.438464324,0.428430128,0.487389319,0.376286937,0.400479685,0.446918687,0.388417739,0.451875779,0.484232974,0.464182905,0.474175706,0.585922794,0.484833237,0.459570385,0.472926394,0.4014172,0.420189187,0.383868993,0.38626174,0.378415338,0.40814001,0.357564059,0.35615853,0.45968461,0.438094688,0.513046191,0.486404979,0.411920395,0.432360375,0.39157144,0.476577741,0.444072693,0.48112156,0.397420175,0.475298469,0.449753138,0.401902619,0.407167903,0.407963416,0.371429416,0.373542101,0.400134645,0.467352374,0.485496935,0.494184795,0.442303759,0.506216545,0.479128521,0.452089732,0.461339661,0.451506943,0.399285315,0.475934314,0.507393306,0.411012693,0.463988013,0.4503837,0.486971791,0.414690767,0.408652607,0.468018986,0.414610469,0.488281743,0.530517952,0.407852229,0.451420297,0.414168152,0.468247435,0.491644763,0.400987053,0.502434259
341F-785R-Margo102,0.500943515,0.411311757,0,0.430789676,0.441474875,0.431047323,0.414015108,0.465405181,0.415156645,0.461452594,0.412064017,0.460578973,0.396729911,0.445775582,0.509467904,0.378315805,0.49330875,0.540911796,0.432844083,0.474223575,0.447087926,0.488295129,0.449821393,0.42863628,0.409395677,0.454911175,0.413480305,0.49385765,0.426684329,0.335002745,0.431497911,0.469883396,0.456977765,0.3790597,0.421356723,0.473715013,0.410355905,0.469462231,0.475655543,0.391155348,0.404579712,0.383980474,0.376557035,0.412794252,0.49055739,0.424883261,0.430724764,0.60759611,0.471571624,0.437840497,0.437240996,0.393568837,0.41364216,0.395271131,0.344477615,0.38717234,0.363159949,0.346505123,0.370853671,0.424628113,0.438364121,0.434208912,0.426547528,0.438019112,0.45060699,0.413870283,0.393960566,0.467241693,0.409699003,0.374587793,0.44957248,0.422185807,0.370934354,0.375328614,0.388206161,0.397551133,0.409071758,0.417546747,0.41831968,0.421033009,0.46081532,0.420037042,0.444540793,0.451490056,0.425099266,0.389715726,0.427685372,0.454641297,0.421843441,0.498142932,0.43991183,0.396260284,0.467284586,0.435255667,0.433046152,0.348610792,0.474695126,0.409067114,0.423734582,0.475729905,0.369204647,0.445631291,0.423462459,0.406783131,0.434027908,0.377826078,0.399110311
341F-785R-Margo103,0.519550643,0.424401245,0.430789676,0,0.393576028,0.369983392,0.38251628,0.473981028,0.507986326,0.459692449,0.516623762,0.43309865,0.453892218,0.526873629,0.428740608,0.434682298,0.505153459,0.557546773,0.519829209,0.495014138,0.423836214,0.429979005,0.45299229,0.485115054,0.379881997,0.473740925,0.378997542,0.451416865,0.504976921,0.491813576,0.400121427,0.429053107,0.44751067,0.451525914,0.486447472,0.439908698,0.485267366,0.474756496,0.52055093,0.460256912,0.482963655,0.466077693,0.499531718,0.524015286,0.505422073,0.442772058,0.433272574,0.640747723,0.43077675,0.423445755,0.425032765,0.507589507,0.484126325,0.459277601,0.425615791,0.476150787,0.445283877,0.424856429,0.408373263,0.448080568,0.492875676,0.536006335,0.469332801,0.416156458,0.3752701,0.365683572,0.548161159,0.367939167,0.366158122,0.451971819,0.50576517,0.411570031,0.462442084,0.379878465,0.479171356,0.470176085,0.467969847,0.46726842,0.374174224,0.43315606,0.538035396,0.350960516,0.433120545,0.398254538,0.518118739,0.344352701,0.505637942,0.404432082,0.524593774,0.424762011,0.359204991,0.418503201,0.409346155,0.408778661,0.486431256,0.487765881,0.455765825,0.35864005,0.420221569,0.447146871,0.425296719,0.497735387,0.374157865,0.527759867,0.52875561,0.389677429,0.423078779
341F-785R-Margo104,0.428881713,0.477255164,0.441474875,0.393576028,0,0.338136864,0.429684933,0.408719365,0.470590249,0.455337685,0.480376378,0.391573101,0.482477629,0.50136569,0.428542647,0.419446262,0.446447668,0.531413484,0.484634241,0.460143303,0.419423121,0.391090255,0.438700471,0.492322024,0.356337787,0.438482735,0.399837572,0.496498692,0.507370899,0.457919834,0.393582891,0.402638362,0.431342172,0.45906908,0.475882109,0.455960627,0.47720159,0.42221154,0.50808566,0.521703791,0.451784262,0.513778056,0.454727918,0.453901079,0.525064628,0.406514582,0.449914699,0.692686869,0.420750823,0.452595335,0.374515483,0.458083641,0.48240793,0.450726923,0.408880451,0.463198136,0.466881786,0.459912476,0.460717061,0.435990694,0.489130682,0.47952696,0.416736861,0.437716441,0.388376641,0.337353733,0.515519319,0.396467185,0.37978189,0.463613665,0.486681658,0.399139735,0.497500187,0.405001778,0.475524673,0.488269185,0.453140463,0.479487867,0.362758186,0.404979708,0.505725623,0.390501821,0.430556386,0.413379776,0.497986062,0.354855778,0.455174036,0.446004296,0.548786775,0.358223948,0.379217703,0.459816502,0.410149423,0.377993885,0.464402879,0.396087888,0.405820281,0.388912784,0.346779293,0.424516218,0.449459031,0.503350801,0.425543215,0.478493802,0.500429778,0.421141939,0.380954345
341F-785R-Margo105,0.470140516,0.500101232,0.431047323,0.369983392,0.338136864,0,0.425608246,0.446389789,0.460866977,0.429450914,0.493201798,0.431347533,0.482440509,0.527036316,0.441128568,0.416950114,0.499220618,0.5001766,0.500810086,0.476704194,0.418948145,0.447901559,0.482157608,0.497944189,0.387842001,0.435215754,0.391923368,0.488983834,0.506539728,0.437442121,0.413402684,0.438423623,0.439297442,0.428399807,0.492502185,0.442715107,0.453951108,0.457488047,0.529991832,0.471722038,0.489390228,0.450612198,0.473010273,0.48996,0.516661426,0.411997766,0.406717447,0.690775451,0.447159141,0.447968209,0.405053891,0.472240849,0.508974655,0.474113769,0.419372995,0.486806273,0.471316116,0.472496083,0.45415049,0.477782316,0.523146225,0.485005523,0.433846786,0.445064747,0.406369157,0.35943127,0.529293643,0.401446378,0.343805625,0.466704513,0.496573484,0.403981467,0.499465534,0.398452278,0.464485399,0.503217248,0.47273682,0.481563144,0.380157633,0.432901463,0.489951053,0.392741405,0.404561985,0.418168633,0.48291371,0.352129556,0.46955248,0.470399659,0.541110273,0.413498872,0.3953815,0.410583626,0.448987791,0.356272055,0.486313737,0.428672181,0.466084145,0.435385107,0.373715583,0.470897575,0.441438258,0.500160577,0.430231024,0.48584884,0.474528127,0.426118151,0.386211012
341F-785R-Margo106,0.471729847,0.416421775,0.414015108,0.38251628,0.429684933,0.425608246,0,0.459740118,0.461474356,0.401218566,0.4816086,0.416334255,0.420719701,0.512673197,0.453449989,0.400843056,0.442508305,0.52558325,0.492278986,0.495178749,0.433285532,0.453119036,0.466420016,0.459137903,0.377014779,0.431294594,0.417979873,0.484969536,0.478523877,0.482409717,0.415714328,0.412936903,0.411010385,0.458946571,0.499780027,0.450917506,0.516403215,0.396442447,0.547386171,0.436205145,0.513087286,0.450697132,0.463727386,0.515687874,0.551975431,0.410673729,0.467028083,0.642171377,0.459055095,0.463362511,0.422759302,0.465271141,0.509589312,0.450551522,0.374623683,0.400440663,0.444299293,0.40041894,0.397472733,0.418901733,0.511562016,0.523978925,0.449377852,0.394464912,0.398062436,0.394459177,0.489463664,0.403230489,0.373936242,0.45792256,0.534595381,0.383073633,0.44189689,0.367449409,0.466352037,0.416255755,0.463063509,0.437198297,0.403827833,0.434351579,0.546412273,0.343652669,0.449931569,0.412139948,0.517176416,0.355510627,0.486003267,0.386559285,0.552846627,0.480963704,0.373785012,0.42633123,0.418861073,0.412101569,0.475347408,0.402871721,0.448503043,0.329172069,0.440209019,0.507079471,0.440879538,0.527159069,0.380077641,0.518064538,0.524443039,0.426898107,0.365157384
341F-785R-Margo107,0.399517696,0.504950651,0.465405181,0.473981028,0.408719365,0.446389789,0.459740118,0,0.46463794,0.471398234,0.448485789,0.392718343,0.485700909,0.449226902,0.435094373,0.380519684,0.479510465,0.598907963,0.420462782,0.460245688,0.41235361,0.449140944,0.411982127,0.467705937,0.441517514,0.438074797,0.431240436,0.494303477,0.523964794,0.423031188,0.472025263,0.483739962,0.480156699,0.413776628,0.436761845,0.479049741,0.513390202,0.402754486,0.444510635,0.536623652,0.474553936,0.524775322,0.462636172,0.422435548,0.450724011,0.480419669,0.516186677,0.726802761,0.325700233,0.401174949,0.349849006,0.44500621,0.376272408,0.462041773,0.491194299,0.463515966,0.403198668,0.494193449,0.475718736,0.447514007,0.411387796,0.427985105,0.405193976,0.427257999,0.453483056,0.369301353,0.443145663,0.451642902,0.408955926,0.432678883,0.458581972,0.442739721,0.464286173,0.455893231,0.460064622,0.44167401,0.407420295,0.462597873,0.446123918,0.364626196,0.463270317,0.416388274,0.400527235,0.408244303,0.521078409,0.398175352,0.389984892,0.511740835,0.559669206,0.365713835,0.46930443,0.454912677,0.416368289,0.394229747,0.444510553,0.440416806,0.387091129,0.419374117,0.349850475,0.41952646,0.442279379,0.462412033,0.445442122,0.421835839,0.445537881,0.431858374,0.431251486
341F-785R-Margo10,0.419624735,0.45856684,0.415156645,0.507986326,0.470590249,0.460866977,0.461474356,0.46463794,0,0.423442379,0.329779521,0.391963093,0.390447911,0.359991166,0.484536981,0.418258992,0.464742217,0.559886839,0.396385739,0.456844332,0.445169479,0.509794993,0.491025926,0.428412697,0.536455796,0.499183007,0.492945781,0.610656987,0.473809538,0.364272644,0.501292401,0.493125212,0.537155838,0.393551551,0.425706512,0.531497433,0.463746057,0.437282909,0.44118464,0.459574114,0.44385864,0.484307482,0.42853881,0.43331561,0.440155281,0.515114272,0.574782031,0.718560114,0.481676734,0.481354958,0.515356762,0.365602916,0.427325873,0.431824689,0.36230081,0.430242248,0.397855615,0.44011221,0.427729961,0.46393177,0.424981469,0.391032619,0.402267792,0.506474301,0.527268357,0.468672705,0.390236234,0.519874624,0.408948805,0.449206439,0.478201913,0.465384219,0.432003881,0.49972027,0.430613581,0.42324649,0.368756118,0.395797077,0.490687485,0.451972337,0.417765721,0.418503567,0.452183803,0.503963818,0.415529369,0.44849052,0.386800369,0.574976753,0.535604096,0.474388275,0.470146361,0.521582262,0.479505446,0.401429717,0.39382925,0.334252939,0.486452139,0.478905895,0.453540477,0.556765841,0.415887763,0.474401528,0.516757232,0.395435524,0.382165206,0.400925357,0.422851846
341F-785R-Margo11,0.483342122,0.454388787,0.461452594,0.459692449,0.455337685,0.429450914,0.401218566,0.471398234,0.423442379,0,0.430469172,0.409933277,0.455396438,0.476024898,0.454070506,0.412460864,0.446498181,0.484441376,0.497428892,0.417139684,0.428393162,0.43273275,0.492585158,0.510541689,0.456513002,0.47487035,0.447077619,0.556361983,0.498386992,0.48890803,0.425016713,0.406010723,0.449783315,0.479176705,0.496448906,0.467580122,0.528456011,0.40068858,0.561414225,0.520064285,0.53935125,0.523632559,0.521699463,0.512325114,0.57353995,0.482371149,0.494870252,0.735224486,0.494251284,0.455492936,0.488773062,0.478207898,0.518595697,0.46652044,0.45972309,0.442093605,0.505781304,0.487440447,0.454399339,0.453094241,0.541444881,0.544026735,0.396094874,0.454211073,0.485546841,0.392450263,0.489964413,0.438610756,0.424190043,0.512552455,0.570523383,0.418929367,0.508782626,0.423679468,0.47480569,0.477744114,0.502539137,0.489505569,0.434849062,0.465116155,0.507902214,0.387565225,0.470232417,0.489329639,0.463712595,0.402744549,0.530984876,0.44491714,0.575240897,0.496665944,0.430733126,0.49995507,0.449377283,0.420840835,0.499196929,0.420497695,0.462034881,0.426569643,0.440297436,0.532857322,0.468262058,0.525882728,0.457114832,0.518070546,0.531268083,0.486550178,0.417433886
341F-785R-Margo12,0.46207065,0.417774673,0.412064017,0.516623762,0.480376378,0.493201798,0.4816086,0.448485789,0.329779521,0.430469172,0,0.420319081,0.415462205,0.394571358,0.469138355,0.418148565,0.497178915,0.544130598,0.399897366,0.425689234,0.413822986,0.472749899,0.417808137,0.429638555,0.529436657,0.481648915,0.473334587,0.512935265,0.445360359,0.355126473,0.480939248,0.473803345,0.469571797,0.370431591,0.404963992,0.547847946,0.427232983,0.452369133,0.408868167,0.474200125,0.390941046,0.490922788,0.421270401,0.407737552,0.459006483,0.500908564,0.526949604,0.68931999,0.438029059,0.447918002,0.499251778,0.401259005,0.424540048,0.419757384,0.36245703,0.368288742,0.383822073,0.444182816,0.413240375,0.427777917,0.437954485,0.405855436,0.384917721,0.475844523,0.477033944,0.410494957,0.404110555,0.505264247,0.440263708,0.41552696,0.373946445,0.43962781,0.381272927,0.469355683,0.449154651,0.427381131,0.411024426,0.434143385,0.476241351,0.423904618,0.417625088,0.427810096,0.467469783,0.479679332,0.44645896,0.451313395,0.424085077,0.541553309,0.471792675,0.481860688,0.482865714,0.50036439,0.507267634,0.435709039,0.439688848,0.357118543,0.466373814,0.494172973,0.425467509,0.497083972,0.407657824,0.447931426,0.504408471,0.396309471,0.402552912,0.436895691,0.413316955
341F-785R-Margo13,0.379840983,0.42367258,0.460578973,0.43309865,0.391573101,0.431347533,0.416334255,0.392718343,0.391963093,0.409933277,0.420319081,0,0.417763004,0.428191345,0.395092736,0.354943711,0.44539606,0.528224207,0.414837439,0.397074853,0.402657605,0.371231327,0.383378664,0.464226031,0.419298663,0.38972914,0.417551512,0.540986962,0.504776159,0.438183036,0.429574416,0.396294922,0.428675189,0.420323997,0.464182209,0.438107959,0.495260463,0.346058468,0.466808943,0.478042965,0.446679153,0.51869665,0.411889869,0.424547926,0.495282466,0.423597101,0.508555276,0.721800529,0.361797539,0.419727406,0.425992423,0.433534257,0.423775107,0.456243733,0.423491442,0.446451202,0.43936845,0.464270903,0.444940368,0.410553861,0.436601095,0.452085326,0.351708248,0.39112885,0.44699713,0.358570342,0.456122722,0.414576371,0.391348077,0.448706487,0.500620842,0.423930998,0.437114633,0.3882301,0.474590717,0.432047408,0.389633316,0.416570872,0.4268432,0.371730901,0.493902824,0.390325545,0.413368611,0.415798872,0.485514582,0.391806499,0.423229862,0.478862854,0.556765739,0.375743934,0.406273597,0.418598375,0.343144619,0.375248142,0.415223214,0.399833243,0.379968199,0.375023008,0.360419615,0.469951011,0.422316484,0.456206961,0.379653805,0.45206716,0.483609215,0.456017899,0.386722945
341F-785R-Margo14,0.496223383,0.364486335,0.396729911,0.453892218,0.482477629,0.482440509,0.420719701,0.485700909,0.390447911,0.455396438,0.415462205,0.417763004,0,0.357871259,0.506524383,0.427350461,0.486844305,0.590930786,0.416588652,0.465448043,0.445387387,0.426009011,0.461313033,0.408985799,0.462596143,0.46192,0.390139099,0.533115155,0.439829078,0.412153997,0.46594879,0.476859322,0.485966441,0.357461889,0.350628702,0.484244075,0.453618623,0.402389575,0.462298551,0.406355424,0.44894209,0.468612523,0.392221542,0.406529867,0.419875648,0.505803304,0.523380658,0.632269451,0.472139301,0.448008345,0.465507448,0.394970962,0.404950608,0.373401812,0.36047814,0.382482243,0.343019957,0.366842718,0.370640918,0.468003241,0.347019903,0.41521283,0.446476528,0.434781616,0.459373738,0.43285216,0.379816598,0.453695703,0.432859909,0.41907077,0.484787597,0.426447973,0.340962612,0.45290009,0.34685398,0.343409767,0.328788531,0.351594894,0.482830732,0.454576139,0.447609424,0.385690953,0.450549708,0.475063812,0.445323354,0.435718446,0.401173943,0.44973882,0.515488516,0.476890518,0.400393209,0.465677953,0.435126198,0.468207827,0.329840572,0.37813319,0.407112805,0.401866265,0.465170851,0.539597144,0.37295639,0.384114922,0.427179403,0.412681758,0.431860972,0.426492476,0.454523397
341F-785R-Margo15,0.432422437,0.458645398,0.445775582,0.526873629,0.50136569,0.527036316,0.512673197,0.449226902,0.359991166,0.476024898,0.394571358,0.428191345,0.357871259,0,0.449181207,0.436580618,0.543230386,0.577780577,0.363078122,0.504937355,0.426502817,0.506801354,0.470890458,0.405970762,0.556716908,0.507876954,0.453090893,0.59415963,0.444600743,0.383081996,0.518847962,0.554237356,0.545236854,0.398122448,0.370391996,0.530024517,0.463655473,0.499420906,0.384736478,0.477348428,0.433011854,0.500767105,0.435889859,0.433629946,0.402555115,0.557238267,0.597762411,0.700222025,0.483411717,0.453195981,0.50975898,0.371222661,0.426619766,0.44804438,0.423948591,0.442593895,0.382914162,0.463387067,0.472369967,0.504486954,0.362964886,0.373191176,0.423756003,0.524027748,0.556855822,0.502872153,0.34071368,0.529202424,0.467935095,0.444129138,0.470181999,0.442097162,0.402171674,0.535820196,0.456253799,0.400200436,0.411681591,0.397694538,0.556853372,0.455750765,0.415546261,0.440717062,0.501619017,0.493218527,0.4474685,0.494327773,0.411812417,0.555814861,0.522178424,0.456011736,0.530016896,0.555669555,0.519619681,0.462719971,0.382721223,0.410744719,0.383168191,0.50325537,0.487492247,0.531139062,0.408501917,0.391407305,0.535803561,0.349606588,0.39438549,0.449061113,0.472313998
341F-785R-Margo16,0.418438695,0.50178141,0.509467904,0.428740608,0.428542647,0.441128568,0.453449989,0.435094373,0.484536981,0.454070506,0.469138355,0.395092736,0.506524383,0.449181207,0,0.390832254,0.503378179,0.489515184,0.478179946,0.453323164,0.417667118,0.455302328,0.398825961,0.485951675,0.43272449,0.425754741,0.426271425,0.515595618,0.472474578,0.470296668,0.401566322,0.436310527,0.426305714,0.442863888,0.472834837,0.486750108,0.454877624,0.440125168,0.493227405,0.50264105,0.468813928,0.5201678,0.445303055,0.490982639,0.535578964,0.469807459,0.504755869,0.682750375,0.44440977,0.450342635,0.463103985,0.480522985,0.462902878,0.439845555,0.47236612,0.478195251,0.506972827,0.507592099,0.523968383,0.464119708,0.50593167,0.539874017,0.448239834,0.486678945,0.499539592,0.42375616,0.497534568,0.432080387,0.422153908,0.472477962,0.514201256,0.454625549,0.503610062,0.447363085,0.528588338,0.464837249,0.470921836,0.459163024,0.441128193,0.416494694,0.564905537,0.414338574,0.477149145,0.42790869,0.462320402,0.415502439,0.494153051,0.464107136,0.529317389,0.404408298,0.470551065,0.474376965,0.442731411,0.443772336,0.45533824,0.480403886,0.432140258,0.432471334,0.389921207,0.473981557,0.465302265,0.524261147,0.491891457,0.511788463,0.547622979,0.486482583,0.382948212
341F-785R-Margo17,0.399400171,0.464923037,0.378315805,0.434682298,0.419446262,0.416950114,0.400843056,0.380519684,0.418258992,0.412460864,0.418148565,0.354943711,0.427350461,0.436580618,0.390832254,0,0.425945722,0.520324426,0.443192265,0.422588308,0.369399861,0.429098861,0.372391532,0.430969181,0.435018001,0.370278966,0.392483099,0.493671414,0.492062762,0.389554257,0.441974096,0.411019779,0.425474856,0.361289041,0.412439563,0.470909333,0.474604707,0.371782295,0.501922259,0.457311451,0.445707417,0.50630797,0.411371683,0.438527783,0.51292224,0.470189377,0.439525764,0.714057226,0.362407273,0.387013423,0.414864209,0.434685144,0.428417076,0.428486109,0.397292253,0.433406829,0.410524773,0.444422147,0.449170414,0.388200906,0.421722997,0.442507126,0.362151142,0.412184399,0.431520324,0.368103023,0.420531583,0.453233648,0.358962806,0.402687509,0.491438863,0.392962498,0.422574443,0.395277979,0.454421886,0.391513274,0.408536157,0.40448745,0.40304152,0.341306064,0.493733279,0.378528553,0.383063318,0.419911344,0.474505306,0.353042356,0.387514544,0.453801716,0.5176605,0.396858352,0.41947554,0.383914031,0.421174325,0.35559772,0.402085467,0.4069255,0.410958555,0.366374655,0.375826585,0.466809259,0.433349825,0.459969376,0.413427005,0.405524652,0.449049885,0.435799999,0.316503504
341F-785R-Margo18,0.444705355,0.499986441,0.49330875,0.505153459,0.446447668,0.499220618,0.442508305,0.479510465,0.464742217,0.446498181,0.497178915,0.44539606,0.486844305,0.543230386,0.503378179,0.425945722,0,0.53114933,0.521014675,0.462822182,0.455677143,0.472476372,0.457953398,0.488216829,0.453013464,0.446733489,0.458030131,0.577497363,0.552081171,0.492835126,0.506266549,0.456197544,0.466586273,0.488760783,0.514868092,0.467025106,0.549062888,0.44771927,0.600868342,0.530725984,0.532371939,0.592053536,0.467235745,0.485312223,0.597281,0.500500473,0.495704798,0.754904693,0.518964659,0.538347821,0.513642884,0.455216652,0.528578834,0.466508794,0.48631304,0.475232742,0.514859992,0.50513544,0.509540049,0.477077226,0.535450649,0.545887595,0.468930235,0.464553455,0.485969076,0.45946522,0.491996994,0.507589397,0.472018223,0.49239174,0.600199773,0.455829047,0.488714823,0.457915738,0.51416245,0.490045821,0.462548021,0.483460319,0.449427856,0.471305858,0.523632623,0.489568673,0.492558856,0.517883707,0.550259928,0.445560592,0.510872309,0.478477115,0.609628133,0.496727675,0.451152094,0.523284185,0.459548156,0.464694511,0.50868928,0.461598611,0.477560845,0.448209204,0.463767921,0.560062477,0.510359483,0.507763438,0.449645894,0.509292585,0.51849904,0.51040685,0.458372201
341F-785R-Margo19,0.562626137,0.572032548,0.540911796,0.557546773,0.531413484,0.5001766,0.52558325,0.598907963,0.559886839,0.484441376,0.544130598,0.528224207,0.590930786,0.577780577,0.489515184,0.520324426,0.53114933,0,0.623037946,0.561804208,0.508350165,0.55441458,0.527835024,0.634773538,0.512121805,0.567743716,0.54999322,0.536791128,0.499910811,0.578898393,0.489005347,0.441109449,0.427311341,0.573924632,0.591948185,0.559338454,0.516762257,0.543620054,0.65863585,0.52024108,0.546942898,0.554281222,0.545582459,0.625110521,0.659716976,0.45099441,0.488349447,0.682380806,0.583585325,0.60730558,0.605557146,0.561200296,0.630362255,0.553948912,0.535756318,0.512587072,0.620165788,0.555094889,0.560584385,0.524432562,0.652242421,0.634875548,0.506666568,0.568581521,0.575253805,0.547542562,0.57768201,0.559808635,0.516540648,0.585477665,0.640339055,0.544015874,0.591609842,0.469085401,0.59888491,0.596649737,0.638886666,0.629736779,0.49467296,0.564062675,0.657700855,0.544812145,0.599251915,0.558273852,0.451906302,0.491761408,0.653268774,0.495524903,0.593730559,0.571087746,0.57749569,0.555551587,0.556017584,0.538844337,0.628094735,0.557833321,0.608622376,0.555849091,0.549246678,0.595120281,0.611568549,0.638064733,0.5563781,0.617825591,0.647932541,0.591667989,0.454247974
341F-785R-Margo1,0.406193548,0.418530115,0.432844083,0.519829209,0.484634241,0.500810086,0.492278986,0.420462782,0.396385739,0.497428892,0.399897366,0.414837439,0.416588652,0.363078122,0.478179946,0.443192265,0.521014675,0.623037946,0,0.484566228,0.46535568,0.481408095,0.480873182,0.414680286,0.547722157,0.513619385,0.487744736,0.604546976,0.486048771,0.376460734,0.516528901,0.537652784,0.544841639,0.411304448,0.391824944,0.535211629,0.467641592,0.482720903,0.356935775,0.473326801,0.412073445,0.496666085,0.428338097,0.396857909,0.407985647,0.523981282,0.554580999,0.697489877,0.420392478,0.376027176,0.461848671,0.373871564,0.342973328,0.453472663,0.414989487,0.449766855,0.39236736,0.478025519,0.452979422,0.461637533,0.329644327,0.357314653,0.427476434,0.487532571,0.531132072,0.459649142,0.417249746,0.532218228,0.469571358,0.430480957,0.448884234,0.448033141,0.40139913,0.5166791,0.463033405,0.407104655,0.378731324,0.363875715,0.523172197,0.430487446,0.403986319,0.452850718,0.450606817,0.471168626,0.512122827,0.496973866,0.323542759,0.542336424,0.533094299,0.45670561,0.486748195,0.522883432,0.476318036,0.439993577,0.387130898,0.41970249,0.431662209,0.494596922,0.449639622,0.520323146,0.406495687,0.392202998,0.498820814,0.325455781,0.35375263,0.419218774,0.469616782
341F-785R-Margo20,0.454809525,0.476233396,0.474223575,0.495014138,0.460143303,0.476704194,0.495178749,0.460245688,0.456844332,0.417139684,0.425689234,0.397074853,0.465448043,0.504937355,0.453323164,0.422588308,0.462822182,0.561804208,0.484566228,0,0.449121646,0.434633547,0.422129043,0.452978324,0.471039158,0.436274183,0.416659045,0.536411505,0.560478334,0.465692635,0.516627288,0.47402678,0.502426401,0.437534777,0.47386682,0.486409709,0.532463749,0.424052407,0.526017613,0.559936739,0.481756976,0.57694533,0.4864614,0.465531946,0.55935012,0.494808368,0.515821829,0.763654363,0.430717935,0.449006403,0.452204653,0.47944277,0.466725594,0.491081654,0.45592016,0.473747848,0.497076306,0.481972458,0.482112174,0.399255315,0.46971151,0.490926907,0.398907193,0.439289103,0.4767388,0.397057995,0.484305023,0.467212621,0.460254962,0.499016067,0.495680901,0.456019874,0.465184824,0.497551821,0.506913021,0.477065137,0.456086939,0.469451732,0.467871236,0.432297562,0.509965449,0.464441546,0.473395788,0.467460926,0.499239339,0.407032083,0.490559623,0.530524358,0.566425295,0.459143402,0.436323418,0.495966008,0.45722886,0.466315763,0.472699391,0.468896863,0.434268986,0.459836693,0.422550171,0.520362994,0.463158982,0.487336461,0.434130288,0.480212786,0.482530758,0.543579929,0.447897626
341F-785R-Margo21,0.385472762,0.474051332,0.447087926,0.423836214,0.419423121,0.418948145,0.433285532,0.41235361,0.445169479,0.428393162,0.413822986,0.402657605,0.445387387,0.426502817,0.417667118,0.369399861,0.455677143,0.508350165,0.46535568,0.449121646,0,0.460760118,0.395712784,0.488344873,0.43873597,0.42314863,0.353931649,0.504862629,0.485570505,0.397510605,0.423804695,0.460693069,0.419853415,0.407541148,0.44097928,0.460089814,0.488612232,0.405310584,0.459579563,0.48265824,0.460600654,0.500518541,0.458915629,0.456824879,0.465676174,0.451513548,0.471125576,0.728651969,0.385149137,0.426760293,0.451752428,0.451804537,0.450356971,0.478299535,0.443572886,0.444983689,0.403118577,0.436660554,0.446689628,0.429136614,0.467093809,0.448712368,0.349196231,0.469934117,0.450162115,0.417860387,0.401390136,0.468614096,0.342885539,0.429857494,0.497031965,0.434263373,0.423017449,0.385034654,0.454370422,0.483945389,0.470836579,0.465987786,0.43124468,0.407519709,0.488244662,0.404930327,0.429934627,0.407521714,0.467845987,0.408369021,0.454090721,0.484103821,0.542153691,0.409232397,0.417698872,0.470995248,0.432779665,0.368693397,0.469570319,0.426472136,0.422285472,0.435975883,0.401517719,0.43934182,0.466622497,0.490054944,0.471326191,0.4228963,0.481609275,0.457915638,0.364362282
341F-785R-Margo22,0.483170209,0.395140988,0.488295129,0.429979005,0.391090255,0.447901559,0.453119036,0.449140944,0.509794993,0.43273275,0.472749899,0.371231327,0.426009011,0.506801354,0.455302328,0.429098861,0.472476372,0.55441458,0.481408095,0.434633547,0.460760118,0,0.441166299,0.501147836,0.412099535,0.426522981,0.467692604,0.511944246,0.560113595,0.49499762,0.349962909,0.403663582,0.427545287,0.444860374,0.49618528,0.510162406,0.494357154,0.424384311,0.530084971,0.540055229,0.498486757,0.556272629,0.452806819,0.451182623,0.542148643,0.433188186,0.45553291,0.648435587,0.422771922,0.429122148,0.428558747,0.498613804,0.472208571,0.400627291,0.490059097,0.463966609,0.483558246,0.493874122,0.473589993,0.392897801,0.509209275,0.543514687,0.466531926,0.382018539,0.397524662,0.363922767,0.547169242,0.385810968,0.448607103,0.479770392,0.522918284,0.420411777,0.514754979,0.395839823,0.473131074,0.443980694,0.429553539,0.452936348,0.417763274,0.438412975,0.549931956,0.419131858,0.454400247,0.445939341,0.520649055,0.417476706,0.49638778,0.383168279,0.54783469,0.40802611,0.426418618,0.398327448,0.441557192,0.439856567,0.426527999,0.456626732,0.437374718,0.397605337,0.389844884,0.449641725,0.433117425,0.451030529,0.403284917,0.537368731,0.562152024,0.486009862,0.43101821
341F-785R-Margo23,0.44039342,0.488707497,0.449821393,0.45299229,0.438700471,0.482157608,0.466420016,0.411982127,0.491025926,0.492585158,0.417808137,0.383378664,0.461313033,0.470890458,0.398825961,0.372391532,0.457953398,0.527835024,0.480873182,0.422129043,0.395712784,0.441166299,0,0.458052811,0.410702152,0.374004984,0.407134776,0.481529239,0.468749226,0.417755528,0.450539397,0.433653744,0.374909553,0.400805195,0.436386187,0.479899846,0.475346957,0.433341568,0.493249154,0.485558914,0.441003374,0.534340154,0.401553786,0.435339409,0.519617522,0.481325045,0.450726246,0.71517831,0.399592533,0.41896926,0.439614252,0.492836769,0.436879917,0.450808528,0.452702006,0.427604273,0.440895014,0.461564439,0.46582222,0.385350478,0.453543907,0.484032763,0.363717406,0.414827835,0.460994538,0.406103456,0.462724466,0.451049812,0.399149682,0.432479964,0.502677265,0.450073741,0.454967573,0.41065267,0.483399682,0.429917251,0.424452121,0.443894851,0.454548215,0.378713767,0.501725648,0.398249155,0.42897696,0.443739385,0.517081893,0.399788345,0.478690435,0.436188695,0.526579155,0.458311639,0.454417949,0.428120354,0.418830775,0.406861163,0.449084057,0.480543359,0.408485107,0.389002017,0.426667671,0.459415425,0.43118942,0.448037865,0.416437408,0.452050781,0.500937083,0.482193388,0.362796096
341F-785R-Margo24,0.469735289,0.416165739,0.42863628,0.485115054,0.492322024,0.497944189,0.459137903,0.467705937,0.428412697,0.510541689,0.429638555,0.464226031,0.408985799,0.405970762,0.485951675,0.430969181,0.488216829,0.634773538,0.414680286,0.452978324,0.488344873,0.501147836,0.458052811,0,0.492543522,0.437263754,0.43463332,0.566428124,0.479298449,0.418305362,0.542225431,0.515241548,0.522616284,0.390709687,0.399686106,0.514407021,0.513604457,0.475169699,0.439273017,0.430392718,0.434724839,0.516874337,0.431463424,0.387101754,0.480913101,0.538363716,0.575133453,0.689120254,0.494644715,0.487268348,0.489986584,0.417299842,0.400183242,0.447746802,0.382956867,0.416680137,0.400979775,0.394548117,0.425284561,0.501489499,0.40354463,0.436729236,0.459009765,0.438013231,0.479298291,0.462430214,0.438220691,0.493174843,0.47622753,0.432864449,0.463104102,0.471718703,0.368410716,0.539817776,0.423764178,0.37344086,0.339782892,0.347427606,0.527137976,0.486842974,0.44537776,0.459930079,0.499560921,0.47253525,0.499209769,0.471873838,0.388676452,0.51887478,0.516735115,0.500961916,0.459318058,0.531671506,0.461716445,0.462091871,0.352039436,0.39419676,0.399065793,0.42564581,0.496030101,0.557165744,0.393450682,0.382217251,0.460513933,0.421633822,0.420648148,0.469874988,0.474735892
341F-785R-Margo25,0.50495928,0.458803758,0.409395677,0.379881997,0.356337787,0.387842001,0.377014779,0.441517514,0.536455796,0.456513002,0.529436657,0.419298663,0.462596143,0.556716908,0.43272449,0.435018001,0.453013464,0.512121805,0.547722157,0.471039158,0.43873597,0.412099535,0.410702152,0.492543522,0,0.441667477,0.391762393,0.473794745,0.483742459,0.506456917,0.399562348,0.3649202,0.416189309,0.448868974,0.513135845,0.422714606,0.503049465,0.434436557,0.566217077,0.484544288,0.504147854,0.469563984,0.425079975,0.467272126,0.54771781,0.405070002,0.434087736,0.6454517,0.452290098,0.503734418,0.375787413,0.488926947,0.465136832,0.423464921,0.467089716,0.432288776,0.462430361,0.415569495,0.43937279,0.433046746,0.498914772,0.551096913,0.484377138,0.402929079,0.355310431,0.363819031,0.527391617,0.389274678,0.375106169,0.435880513,0.549554841,0.452155143,0.482837502,0.348637826,0.411902297,0.437619253,0.462429582,0.481081319,0.359993448,0.434661768,0.54779222,0.421578988,0.455322865,0.377645218,0.471751589,0.345981116,0.487776638,0.380552151,0.514466957,0.446489958,0.370745411,0.413018661,0.397800472,0.454936309,0.484031576,0.42039919,0.441996091,0.306456125,0.382351769,0.424688812,0.460224441,0.526632866,0.378964327,0.544826472,0.549562428,0.432003398,0.373002224
341F-785R-Margo26,0.471510032,0.455656916,0.454911175,0.473740925,0.438482735,0.435215754,0.431294594,0.438074797,0.499183007,0.47487035,0.481648915,0.38972914,0.46192,0.507876954,0.425754741,0.370278966,0.446733489,0.567743716,0.513619385,0.436274183,0.42314863,0.426522981,0.374004984,0.437263754,0.441667477,0,0.392131172,0.476342121,0.491447381,0.465138242,0.474261104,0.44575788,0.383043071,0.445041343,0.451990506,0.488721095,0.474238083,0.409286067,0.506855486,0.447022216,0.468548348,0.482005214,0.427669526,0.451032232,0.524750685,0.489907935,0.435015412,0.660105065,0.428411519,0.438158436,0.430466792,0.491955501,0.43036493,0.450228166,0.455988359,0.425049854,0.42762157,0.411536078,0.434744138,0.414646968,0.453907647,0.523550539,0.429733406,0.342298478,0.380147191,0.432560686,0.448589254,0.419400455,0.405957524,0.43037921,0.459022272,0.411483141,0.475796226,0.409258722,0.472379835,0.410023415,0.406656865,0.438128463,0.445563076,0.388246248,0.505036435,0.42880814,0.406056174,0.40889527,0.521515668,0.378754464,0.461060308,0.42229935,0.467600636,0.455576317,0.427340085,0.345496034,0.421221656,0.395508263,0.422838731,0.478032909,0.395568727,0.403215561,0.422083823,0.451190286,0.414263094,0.468432752,0.378001381,0.480967923,0.512683716,0.486231157,0.403988241
341F-785R-Margo27,0.431627686,0.444083657,0.413480305,0.378997542,0.399837572,0.391923368,0.417979873,0.431240436,0.492945781,0.447077619,0.473334587,0.417551512,0.390139099,0.453090893,0.426271425,0.392483099,0.458030131,0.54999322,0.487744736,0.416659045,0.353931649,0.467692604,0.407134776,0.43463332,0.391762393,0.392131172,0,0.447059727,0.471054718,0.444884656,0.452153069,0.444804014,0.431659591,0.391345933,0.447685938,0.372244243,0.476017645,0.429205504,0.48450924,0.427350324,0.450632746,0.478177486,0.446977852,0.449938192,0.468930911,0.444925146,0.469388635,0.692429371,0.442998419,0.423962001,0.414868625,0.440226136,0.467627143,0.468559487,0.427238771,0.433234308,0.400197676,0.366949956,0.401324401,0.45111209,0.411305919,0.466983045,0.40080509,0.398711767,0.391007324,0.405572703,0.4425315,0.407271864,0.369578629,0.438584293,0.473490438,0.392054173,0.399527668,0.394186704,0.41652929,0.44583021,0.436799044,0.457345856,0.402575694,0.407225367,0.49477377,0.342176345,0.407942038,0.374524221,0.489601658,0.372647746,0.455533959,0.447931068,0.513839979,0.396761198,0.326157062,0.450602681,0.389366981,0.406533789,0.423192829,0.439071429,0.374709517,0.40900623,0.398563399,0.425061523,0.420615268,0.48564059,0.387750382,0.447031069,0.467663586,0.436773095,0.37327891
341F-785R-Margo28,0.562455108,0.530885001,0.49385765,0.451416865,0.496498692,0.488983834,0.484969536,0.494303477,0.610656987,0.556361983,0.512935265,0.540986962,0.533115155,0.59415963,0.515595618,0.493671414,0.577497363,0.536791128,0.604546976,0.536411505,0.504862629,0.511944246,0.481529239,0.566428124,0.473794745,0.476342121,0.447059727,0,0.531841322,0.547473706,0.44563417,0.484644974,0.453897822,0.508970859,0.568963081,0.509791564,0.446489898,0.514160103,0.556135155,0.516312812,0.562744805,0.482004242,0.54946801,0.533797069,0.544249049,0.447424886,0.470588446,0.587519056,0.485471998,0.507735353,0.446607327,0.605856569,0.544321172,0.505371165,0.501243071,0.525977263,0.506274404,0.514165527,0.51420161,0.487835269,0.57612392,0.594101756,0.518041202,0.486499975,0.434293499,0.442357705,0.572040861,0.40848057,0.475282208,0.52203979,0.460719486,0.494495834,0.520298127,0.433530268,0.484225316,0.534832544,0.530290149,0.594619192,0.457306585,0.461470684,0.592698497,0.45552791,0.515089809,0.407457395,0.547531965,0.421979869,0.584106206,0.503439219,0.461090784,0.508191486,0.479003836,0.452731802,0.523276344,0.510700283,0.586523059,0.538067246,0.525219376,0.510123158,0.489264682,0.40269628,0.498189465,0.578269738,0.462710494,0.576230239,0.590936317,0.52453618,0.446697102
341F-785R-Margo29,0.53618382,0.43375329,0.426684329,0.504976921,0.507370899,0.506539728,0.478523877,0.523964794,0.473809538,0.498386992,0.445360359,0.504776159,0.439829078,0.444600743,0.472474578,0.492062762,0.552081171,0.499910811,0.486048771,0.560478334,0.485570505,0.560113595,0.468749226,0.479298449,0.483742459,0.491447381,0.471054718,0.531841322,0,0.46287964,0.503318739,0.450893908,0.442136253,0.403016387,0.421271222,0.508199681,0.416484189,0.513131202,0.516210823,0.336808951,0.432244849,0.362142605,0.383866771,0.482946361,0.486248886,0.496550853,0.502710999,0.596731254,0.548807608,0.538036786,0.52389508,0.451095251,0.457365334,0.428429631,0.379820325,0.363377575,0.459540029,0.39801263,0.412428576,0.529427832,0.474184158,0.507318771,0.50200362,0.512769548,0.517582402,0.500762583,0.446448913,0.526216772,0.463000324,0.423753785,0.537526088,0.534019898,0.437361245,0.461194675,0.439673745,0.413714719,0.471622424,0.475935984,0.516574343,0.527713386,0.504229206,0.477831289,0.516323456,0.493510247,0.426754725,0.436207846,0.493261477,0.476688388,0.465714426,0.537019004,0.474955373,0.494378512,0.499001341,0.459285875,0.471771228,0.403939182,0.512148579,0.508975815,0.509895116,0.534628,0.469663253,0.508869516,0.515373976,0.474679665,0.495469806,0.42373933,0.436547388
