,341F-785R-Margo100,341F-785R-Margo101,341F-785R-Margo102,341F-785R-Margo103,341F-785R-Margo104,341F-785R-Margo105,341F-785R-Margo106,341F-785R-Margo107,341F-785R-Margo10,341F-785R-Margo11,341F-785R-Margo12,341F-785R-Margo13,341F-785R-Margo14,341F-785R-Margo15,341F-785R-Margo16,341F-785R-Margo17,341F-785R-Margo18,341F-785R-Margo19,341F-785R-Margo1,341F-785R-Margo20,341F-785R-Margo21,341F-785R-Margo22,341F-785R-Margo23,341F-785R-Margo24,341F-785R-Margo25,341F-785R-Margo26,341F-785R-Margo27,341F-785R-Margo28,341F-785R-Margo29,341F-785R-Margo2,341F-785R-Margo30,341F-785R-Margo31,341F-785R-Margo32,341F-785R-Margo33,341F-785R-Margo34,341F-785R-Margo35,341F-785R-Margo36,341F-785R-Margo37,341F-785R-Margo38,341F-785R-Margo39,341F-785R-Margo3,341F-785R-Margo40,341F-785R-Margo41,341F-785R-Margo42,341F-785R-Margo43,341F-785R-Margo44,341F-785R-Margo45,341F-785R-Margo46,341F-785R-Margo47,341F-785R-Margo48,341F-785R-Margo49,341F-785R-Margo4,341F-785R-Margo50,341F-785R-Margo51,341F-785R-Margo52,341F-785R-Margo53,341F-785R-Margo54,341F-785R-Margo55,341F-785R-Margo56,341F-785R-Margo57,341F-785R-Margo58,341F-785R-Margo59,341F-785R-Margo5,341F-785R-Margo60,341F-785R-Margo61,341F-785R-Margo62,341F-785R-Margo63,341F-785R-Margo64,341F-785R-Margo65,341F-785R-Margo66,341F-785R-Margo67,341F-785R-Margo68,341F-785R-Margo69,341F-785R-Margo6,341F-785R-Margo70,341F-785R-Margo71,341F-785R-Margo72,341F-785R-Margo73,341F-785R-Margo74,341F-785R-Margo75,341F-785R-Margo76,341F-785R-Margo77,341F-785R-Margo78,341F-785R-Margo79,341F-785R-Margo7,341F-785R-Margo80,341F-785R-Margo81,341F-785R-Margo82,341F-785R-Margo83,341F-785R-Margo84,341F-785R-Margo85,341F-785R-Margo86,341F-785R-Margo87,341F-785R-Margo88,341F-785R-Margo89,341F-785R-Margo8,341F-785R-Margo90,341F-785R-Margo91,341F-785R-Margo92,341F-785R-Margo93,341F-785R-Margo94,341F-785R-Margo95,341F-785R-Margo96,341F-785R-Margo97,341F-785R-Margo98,341F-785R-Margo99,341F-785R-Margo9
341F-785R-Margo100,0,0.783075263,0.30270581,0.387184386,0.325646184,0.364046846,0.310246222,0.316709565,0.223994324,0.389515849,0.474864092,0.217104379,0.301956655,0.309249417,0.374857657,0.261280061,0.329547529,0.652008572,0.34999401,0.331478136,0.455502175,0.282560891,0.530434966,0.469743597,0.359863507,0.391861628,0.330457238,0.385926744,0.596061727,0.332812388,0.217975305,0.387447429,0.335764857,0.343193301,0.17234233,0.176569196,0.277818083,0.272827255,0.414329954,0.35366635,0.328347144,0.400131661,0.417431644,0.253857377,0.397954171,0.403521888,0.250903575,0.555757343,0.329385397,0.263376665,0.421850453,0.303012301,0.421075191,0.288047713,0.232093844,0.402171186,0.283211526,0.318881573,0.28198396,0.278777864,0.535083245,0.333925448,0.227540379,0.313937712,0.316033999,0.200286786,0.364035382,0.260283864,0.219786302,0.233303337,0.327763999,0.245268224,0.429669482,0.34055099,0.222857957,0.637335903,0.269371445,0.433894228,0.315976657,0.253014122,0.329118983,0.342727365,0.349453497,0.335632987,0.598322247,0.36351325,0.264493806,0.27145862,0.424598043,0.268343327,0.328922586,0.386519369,0.241499789,0.264723252,0.454919021,0.217523759,0.278324784,0.25767345,0.225450971,0.325397308,0.32705418,0.308199414,0.303165967,0.233226974,0.290998113,0.32146356,0.313053716
341F-785R-Margo101,0.783075263,0,0.897208766,0.979600268,0.751703875,0.931618687,0.742054536,0.896058099,0.739794151,0.591656749,0.652003621,0.810762206,0.720765523,0.678493249,0.900830286,0.719919864,0.652747135,0.250086138,0.893642811,0.755529755,0.592964451,0.726598931,0.607035496,0.555210981,0.912578477,0.787108368,0.871807698,0.963867592,0.341980802,0.695008177,0.833194803,0.611297157,0.838992305,0.750407099,0.823040083,0.763087554,0.847002975,0.617881093,0.994992557,0.91173492,0.665138999,0.954189021,0.814812612,0.821942186,0.984345174,0.656156938,0.821377616,0.873858441,0.907918262,0.921170946,0.983597626,0.637697298,0.98421629,0.746264096,0.782120243,0.651675353,0.926198123,0.773597371,0.834142036,0.830561287,0.877429095,0.665256364,0.831961065,0.88780861,0.917623869,0.823544253,0.653831499,0.82799569,0.872877465,0.849983176,0.974379906,0.860135742,0.933433485,0.674537493,0.798271113,0.588543114,0.911574848,0.625786026,0.785961285,0.876943512,0.952504624,0.931852817,0.954343427,0.955797724,0.307489171,0.909051068,0.9352091,0.850899617,0.907812184,0.906322064,0.864985689,0.78779124,0.784898098,0.897537628,0.966549199,0.725125891,0.647735783,0.764049467,0.790002503,0.943168636,0.932325282,0.731905114,0.904515295,0.754612356,0.862586366,0.942255949,0.848249397
341F-785R-Margo102,0.30270581,0.897208766,0,0.419240236,0.428519641,0.290209867,0.435472943,0.369873403,0.308649886,0.481179781,0.568890447,0.296019523,0.344849755,0.394642534,0.358417904,0.341648574,0.425580306,0.758455249,0.420013915,0.369859086,0.580113994,0.388378626,0.570252876,0.569055151,0.289122598,0.395169711,0.273434449,0.321246348,0.659774232,0.468999986,0.294099311,0.433342871,0.387585901,0.465221165,0.298854427,0.357251126,0.33329184,0.452944916,0.413631785,0.294159968,0.407754006,0.386680256,0.418923216,0.283286199,0.436493239,0.417112689,0.323083112,0.589928308,0.354891402,0.251418185,0.405490533,0.414569383,0.428686992,0.342571709,0.29364877,0.514118126,0.26331725,0.394475805,0.311297155,0.299930574,0.500026824,0.452581598,0.363003598,0.278898151,0.324994408,0.309463428,0.438130622,0.311945123,0.29183767,0.266306285,0.362103172,0.29705347,0.465203904,0.411473119,0.316424558,0.717546493,0.300479516,0.445685871,0.356819902,0.301060913,0.288613762,0.325940001,0.174281276,0.298943358,0.720282889,0.305186141,0.298178518,0.282377382,0.377662236,0.366331959,0.313529607,0.396059215,0.287415453,0.293758208,0.396373127,0.358745668,0.382051592,0.306487029,0.356602745,0.390211555,0.313313712,0.469778064,0.314828957,0.352785327,0.298110994,0.284451036,0.350977149
341F-785R-Margo103,0.387184386,0.979600268,0.419240236,0,0.527119831,0.368644152,0.532883512,0.292539609,0.479096787,0.608896919,0.675741135,0.395127255,0.497735495,0.541964892,0.419738106,0.518231345,0.546776434,0.854330443,0.470374205,0.530346162,0.681177898,0.479655021,0.712082624,0.682231738,0.387827225,0.546142931,0.376450998,0.288735658,0.811403829,0.556450218,0.351844983,0.593710182,0.465882414,0.531943493,0.38746398,0.37584888,0.408053896,0.504998794,0.40906542,0.389018335,0.572363194,0.356746924,0.558303354,0.417432552,0.272468489,0.598379818,0.417047072,0.561187225,0.374192579,0.293188915,0.369520439,0.541776725,0.423848958,0.489556695,0.47634695,0.610824308,0.34470518,0.492709318,0.405763232,0.422863704,0.639458942,0.615179691,0.3981919,0.333432035,0.318641692,0.371405862,0.621618218,0.413761613,0.342469034,0.350452549,0.244738861,0.345379191,0.565784686,0.546858646,0.456520645,0.812518091,0.315175164,0.669400578,0.472448596,0.344251361,0.417217181,0.35366555,0.352528296,0.302452902,0.823067218,0.442925323,0.254548719,0.392237785,0.382834487,0.261796749,0.402362706,0.508890666,0.443864786,0.343158716,0.533754505,0.453950157,0.520467904,0.4409636,0.41577928,0.25881093,0.30433636,0.526341481,0.297561177,0.442557569,0.43503094,0.339994562,0.464879102
341F-785R-Margo104,0.325646184,0.751703875,0.428519641,0.527119831,0,0.299836675,0.150688624,0.445716479,0.28559216,0.256009574,0.419285546,0.287318822,0.255327493,0.312247285,0.28873789,0.267223812,0.293595614,0.553530282,0.328299717,0.178590233,0.449034873,0.242749363,0.511057355,0.397762713,0.435767145,0.290838883,0.431003286,0.484965269,0.588838471,0.319438965,0.352206958,0.306254038,0.203614935,0.34507466,0.29776038,0.336271785,0.257663415,0.255705584,0.526717286,0.437271825,0.346297596,0.376370427,0.346225731,0.310654789,0.545754378,0.335791234,0.359168931,0.602004297,0.236539918,0.389251348,0.46844207,0.271494989,0.409537056,0.29457943,0.32229579,0.262803997,0.447539442,0.348697121,0.326350951,0.283395276,0.511812632,0.356385313,0.302306573,0.394790173,0.340834897,0.333652103,0.318016868,0.312218185,0.327723628,0.372329615,0.476500806,0.347181648,0.455486557,0.212171531,0.270211142,0.598594739,0.420583465,0.400346966,0.331583081,0.374531548,0.440913505,0.351720304,0.488177585,0.478773713,0.547345183,0.378922974,0.387674835,0.386845053,0.431776481,0.439247035,0.310085765,0.374798021,0.292247895,0.405765064,0.474228066,0.29874924,0.332497295,0.306333398,0.249367172,0.504437814,0.420127842,0.361160449,0.43697437,0.339047582,0.377207359,0.452132403,0.210178104
341F-785R-Margo105,0.364046846,0.931618687,0.290209867,0.368644152,0.299836675,0,0.302302953,0.402385332,0.344448871,0.455435413,0.530695379,0.201598589,0.314929999,0.467559517,0.233368236,0.390969774,0.418683831,0.736507016,0.348242882,0.294533879,0.603846984,0.347692663,0.680298951,0.62640127,0.275290734,0.387237299,0.328590212,0.252749489,0.749959068,0.447510378,0.272724399,0.452492724,0.242492231,0.4845603,0.325131492,0.347874154,0.191761652,0.410266148,0.445183386,0.294056756,0.451770165,0.223774122,0.431040133,0.328142125,0.428601204,0.45386807,0.337185997,0.587298623,0.192048804,0.269205835,0.40517241,0.412393194,0.378160064,0.309790765,0.317752537,0.40458772,0.271427657,0.373172313,0.261932203,0.231978546,0.586385764,0.507375189,0.314391071,0.28911997,0.187130829,0.251279667,0.473108146,0.219537773,0.218668002,0.280604812,0.325119254,0.255327777,0.473309745,0.353931069,0.270776195,0.772281408,0.279120736,0.531847976,0.331739199,0.287494972,0.350013027,0.195572354,0.288181718,0.293251357,0.725943445,0.340612737,0.232443103,0.291118763,0.383561863,0.319218704,0.228379055,0.418808179,0.293901726,0.246747664,0.441182333,0.359584035,0.48052591,0.324158618,0.310716196,0.349121508,0.232266322,0.50221952,0.224985306,0.443349924,0.339406261,0.292080783,0.211285073
341F-785R-Margo106,0.310246222,0.742054536,0.435472943,0.532883512,0.150688624,0.302302953,0,0.491606722,0.26868927,0.291224483,0.380673942,0.252911742,0.257503205,0.33164103,0.289106762,0.25551606,0.256760608,0.547251583,0.345210306,0.191469045,0.422076529,0.233766293,0.509608211,0.483956701,0.424201322,0.30921599,0.438873824,0.457303118,0.571502729,0.262095426,0.327322615,0.2688587,0.171094892,0.336663454,0.312317293,0.317875415,0.224387908,0.237510678,0.564031065,0.413235772,0.332737252,0.334444405,0.371565981,0.338281798,0.585447719,0.285752737,0.314605302,0.59916466,0.251073423,0.401629957,0.525071181,0.249807582,0.463001319,0.265605629,0.291228134,0.214027063,0.431556013,0.299588991,0.290953207,0.278045554,0.550390388,0.349448751,0.287226727,0.407736911,0.331032201,0.31256461,0.331109282,0.275857963,0.298700126,0.365480086,0.499787713,0.329734815,0.475448601,0.196032303,0.228581126,0.602308663,0.418454841,0.382790645,0.304248706,0.369057819,0.473638653,0.334007819,0.503852609,0.459419849,0.534814105,0.410926244,0.400529288,0.346107887,0.439572781,0.45972089,0.291111134,0.365538745,0.241318431,0.384633695,0.491524451,0.237747395,0.351612466,0.284463492,0.274636169,0.496956917,0.402892183,0.350184338,0.414176965,0.352294888,0.420693994,0.429006481,0.171830492
341F-785R-Margo107,0.316709565,0.896058099,0.369873403,0.292539609,0.445716479,0.402385332,0.491606722,0,0.406314998,0.519352769,0.62327538,0.354442407,0.436672737,0.458391984,0.376091504,0.462820326,0.508326061,0.771589682,0.397245859,0.435365335,0.642370369,0.422153984,0.6247804,0.561886959,0.417474225,0.457745268,0.367991936,0.394989084,0.714367582,0.526192818,0.328917596,0.531482707,0.449513872,0.513328539,0.300147036,0.364386679,0.388734019,0.457339435,0.376193472,0.41857002,0.530448291,0.441161352,0.520656622,0.312849446,0.23060631,0.534972612,0.412536736,0.571499279,0.352021874,0.260719347,0.345033137,0.475400883,0.340565829,0.448478124,0.431200206,0.57368452,0.37615553,0.4861888,0.400138032,0.368553034,0.562489626,0.541117989,0.330817001,0.302167799,0.36344745,0.339921797,0.528237413,0.388377052,0.320909245,0.338030477,0.333062357,0.329465735,0.534097237,0.500258234,0.411855329,0.745338962,0.3150584,0.578837953,0.450629346,0.353455344,0.361237344,0.367477368,0.381810421,0.366057491,0.738965461,0.363438572,0.304832286,0.397177821,0.428082189,0.28235397,0.40092922,0.455697345,0.386597788,0.350841981,0.48804505,0.414011737,0.420472759,0.404336289,0.362180117,0.371991188,0.351419577,0.487452462,0.372582952,0.337111783,0.338899698,0.365076189,0.420001758
341F-785R-Margo10,0.223994324,0.739794151,0.308649886,0.479096787,0.28559216,0.344448871,0.26868927,0.406314998,0,0.266990064,0.43015904,0.208389594,0.182779548,0.221118918,0.302376196,0.238181742,0.23896136,0.579222145,0.393189526,0.229858748,0.439570623,0.194992991,0.437358867,0.433242864,0.362446181,0.277091903,0.26781044,0.392994086,0.498443434,0.291053483,0.249884062,0.264014699,0.330507398,0.292457615,0.269579935,0.219812221,0.257950586,0.234314341,0.414275467,0.285079139,0.297212244,0.407850992,0.366118242,0.19645186,0.496994966,0.27162136,0.277305295,0.572454427,0.34542437,0.268569102,0.434379516,0.225247588,0.482599167,0.212340472,0.221563624,0.339490776,0.330259416,0.244288188,0.272986981,0.241343508,0.441303462,0.305345582,0.302339857,0.294086255,0.335218372,0.212602105,0.310121697,0.253016834,0.266833834,0.273463492,0.392078836,0.249215926,0.405488746,0.263172448,0.212979943,0.585594774,0.306233352,0.335506331,0.2364798,0.301727915,0.339497816,0.341337917,0.352595028,0.352193048,0.543845067,0.303882871,0.353997409,0.300737777,0.373337856,0.348114889,0.29741397,0.281281532,0.160575603,0.304358673,0.370089611,0.151246617,0.244532555,0.185639647,0.167959213,0.406615842,0.346173147,0.301138303,0.343212835,0.241126357,0.323489834,0.304113354,0.311582475
341F-785R-Margo11,0.389515849,0.591656749,0.481179781,0.608896919,0.256009574,0.455435413,0.291224483,0.519352769,0.266990064,0,0.312672232,0.339030972,0.246406426,0.25996348,0.443344547,0.282176402,0.20936236,0.386425604,0.480948335,0.250136537,0.336882992,0.274832633,0.41571683,0.3159801,0.498703236,0.311945242,0.477788687,0.549045842,0.400523753,0.266756607,0.418700179,0.15664091,0.382417603,0.333386489,0.381082344,0.401900645,0.377507176,0.170182629,0.568330349,0.487277175,0.259522864,0.513017584,0.383237502,0.350407197,0.628217249,0.208154561,0.423419536,0.627680396,0.423917423,0.45819612,0.568303061,0.173897132,0.543112255,0.323275577,0.344649017,0.218624803,0.510141271,0.355990745,0.393469909,0.347473216,0.488786691,0.255724641,0.397170025,0.467310108,0.45328814,0.384469798,0.204882501,0.377399316,0.387683439,0.444748468,0.561209441,0.409991585,0.50702236,0.204942993,0.342772724,0.435000245,0.451272306,0.234303999,0.342211319,0.456912173,0.495055718,0.456088005,0.515059383,0.522046348,0.375967099,0.466079336,0.460385893,0.460483463,0.452280797,0.512634717,0.403334382,0.376394295,0.311744349,0.476885203,0.499776718,0.279609405,0.23791449,0.329867315,0.31106979,0.571863704,0.498279224,0.326064635,0.515557621,0.358350713,0.440393662,0.511724749,0.387999541
341F-785R-Margo12,0.474864092,0.652003621,0.568890447,0.675741135,0.419285546,0.530695379,0.380673942,0.62327538,0.43015904,0.312672232,0,0.465129276,0.37888705,0.401073455,0.57250425,0.3107805,0.358931307,0.47150118,0.574930493,0.389230998,0.17405697,0.402556978,0.55417462,0.419743645,0.559955756,0.47839354,0.561125028,0.593072434,0.462094686,0.229123206,0.496248311,0.312339598,0.483930132,0.398938385,0.449451013,0.460067309,0.451912756,0.34796435,0.662665667,0.537460906,0.332066895,0.583255282,0.458857199,0.45405418,0.697728859,0.356343007,0.491147103,0.693773492,0.525879662,0.549560798,0.686125614,0.336288153,0.659860174,0.417343819,0.452656989,0.225466826,0.561093509,0.425741619,0.469207286,0.422659406,0.627136587,0.292937035,0.44205041,0.540755615,0.519035473,0.472273854,0.32811376,0.46435726,0.519074291,0.48955462,0.624487257,0.474449772,0.5516094,0.370788119,0.456806136,0.510604526,0.555798797,0.334878186,0.439519801,0.527481964,0.62134503,0.558060454,0.637885545,0.610484639,0.42690312,0.570078634,0.566054199,0.515494538,0.567121684,0.622713723,0.490988353,0.521573634,0.458086266,0.53261654,0.618301175,0.425917068,0.401033078,0.432010138,0.44793685,0.654952173,0.539381831,0.430720438,0.55059292,0.447035548,0.560411384,0.583494853,0.46692485
341F-785R-Margo13,0.217104379,0.810762206,0.296019523,0.395127255,0.287318822,0.201598589,0.252911742,0.354442407,0.208389594,0.339030972,0.465129276,0,0.195096261,0.345143551,0.307329217,0.292104657,0.286488743,0.622401907,0.346071049,0.240147355,0.496950418,0.230103095,0.563173844,0.528669896,0.279838154,0.302111816,0.325753434,0.275887809,0.627336223,0.318496232,0.146006441,0.336434922,0.226421789,0.358378345,0.220438692,0.217919089,0.153119955,0.258428729,0.436934703,0.30638664,0.342412079,0.296261202,0.3659108,0.221301806,0.442039127,0.341377502,0.206188019,0.575584483,0.256371908,0.252243939,0.432022246,0.289895606,0.414715774,0.2091465,0.190980816,0.338670403,0.264026752,0.253571607,0.16805343,0.185713155,0.508386059,0.390617565,0.236211555,0.261783199,0.204206653,0.145528792,0.360341712,0.120207414,0.143929181,0.228488063,0.32500324,0.161975757,0.393473122,0.261853371,0.173047657,0.653363716,0.240567698,0.409593125,0.215630904,0.243727927,0.349975143,0.217935029,0.330568438,0.270700307,0.610907385,0.337982641,0.247350118,0.212170187,0.36796975,0.303598946,0.20097153,0.322993159,0.14947122,0.218862876,0.41047162,0.190087671,0.35165315,0.201600078,0.181712086,0.342954193,0.233703883,0.362202405,0.227597218,0.315161325,0.302779749,0.290263234,0.196148016
341F-785R-Margo14,0.301956655,0.720765523,0.344849755,0.497735495,0.255327493,0.314929999,0.257503205,0.436672737,0.182779548,0.246406426,0.37888705,0.195096261,0,0.228071066,0.385199377,0.21014643,0.203227381,0.553001643,0.412035438,0.155059919,0.435713622,0.172101829,0.444286832,0.399890534,0.316520787,0.255297144,0.337525734,0.359460084,0.522443078,0.266484766,0.250911605,0.240065459,0.3025021,0.29084962,0.26971385,0.271488804,0.248679638,0.207978262,0.454793794,0.342436756,0.27255519,0.396630072,0.259834811,0.220496052,0.520738421,0.236355524,0.281994678,0.599091545,0.359486366,0.352545436,0.487395166,0.212150312,0.481037314,0.156512791,0.217878452,0.291045192,0.354760764,0.201103017,0.232081008,0.235546119,0.470449316,0.321201839,0.318781834,0.298843614,0.316349871,0.263590268,0.256052067,0.215295136,0.281816961,0.328838971,0.430677013,0.266278836,0.364120805,0.198446121,0.234154807,0.551152053,0.320214637,0.302340873,0.198253745,0.347762991,0.427481387,0.330365615,0.406181924,0.336921067,0.524230993,0.363024571,0.369848048,0.278647782,0.357481908,0.438717723,0.244475799,0.319352159,0.194707061,0.331853291,0.411081353,0.200304395,0.257438756,0.166350949,0.229480114,0.459325319,0.321412997,0.304025502,0.321567021,0.264360779,0.358513481,0.379970717,0.280217513
341F-785R-Margo15,0.309249417,0.678493249,0.394642534,0.541964892,0.312247285,0.467559517,0.33164103,0.458391984,0.221118918,0.25996348,0.401073455,0.345143551,0.228071066,0,0.401693193,0.244625415,0.258520167,0.547861332,0.428694724,0.274990193,0.416186202,0.223897211,0.361818179,0.33360667,0.458595902,0.309505015,0.359463184,0.510548491,0.416139314,0.314895603,0.382823253,0.247488705,0.421104638,0.292821112,0.339053281,0.309312597,0.380753208,0.256425564,0.467105294,0.407596577,0.253647268,0.537049064,0.3676257,0.27980093,0.537173194,0.25132904,0.397323898,0.597741614,0.437811853,0.392488114,0.47280643,0.205918724,0.487441203,0.306261957,0.286207506,0.334044975,0.431729831,0.304915806,0.381915307,0.369067854,0.434056032,0.275687845,0.374331227,0.380783176,0.449302485,0.355665006,0.257830427,0.378159848,0.402732196,0.342301844,0.483753095,0.349968981,0.422964785,0.269618429,0.348060232,0.48183664,0.414208721,0.286104017,0.334974999,0.408198325,0.38940829,0.488404275,0.448034506,0.470784164,0.493131202,0.379312049,0.439772364,0.423424081,0.44525013,0.46377869,0.409518389,0.314865314,0.301692312,0.440215409,0.409477709,0.280944309,0.161739252,0.300409056,0.30756225,0.51083952,0.473677158,0.263321664,0.461938954,0.243832594,0.337389392,0.443579382,0.408003501
341F-785R-Margo16,0.374857657,0.900830286,0.358417904,0.419738106,0.28873789,0.233368236,0.289106762,0.376091504,0.302376196,0.443344547,0.57250425,0.307329217,0.385199377,0.401693193,0,0.438656126,0.440392441,0.735664974,0.311484318,0.316011654,0.605311768,0.301930292,0.597666874,0.574972269,0.367803427,0.356540023,0.289349617,0.346914214,0.663545294,0.464884085,0.342896987,0.436949177,0.230538422,0.502812113,0.411188282,0.346595673,0.243305618,0.431432685,0.419767405,0.272765299,0.510449674,0.283524981,0.469022422,0.341507696,0.442646873,0.4443123,0.407740323,0.536655688,0.186286592,0.254492919,0.331697008,0.426122019,0.331896137,0.416188365,0.431186071,0.429915417,0.317188445,0.424202459,0.350869778,0.283518345,0.482048786,0.513196127,0.380263986,0.281096875,0.26629318,0.315924512,0.513292799,0.33261012,0.273736242,0.28228789,0.36182611,0.315520287,0.507510672,0.413003439,0.291286347,0.732503046,0.330337125,0.547012267,0.384994486,0.313683765,0.328419555,0.23843983,0.355265881,0.330771301,0.710134992,0.291567395,0.331166547,0.35651162,0.378766621,0.308858332,0.274493886,0.322097024,0.293521222,0.323383177,0.373688118,0.389439374,0.439880763,0.351910745,0.282327407,0.358892439,0.320029519,0.505396721,0.325950249,0.437475799,0.337675236,0.284573208,0.216323356
341F-785R-Margo17,0.261280061,0.719919864,0.341648574,0.518231345,0.267223812,0.390969774,0.25551606,0.462820326,0.238181742,0.282176402,0.3107805,0.292104657,0.21014643,0.244625415,0.438656126,0,0.207503312,0.565319434,0.449786015,0.239209646,0.315304245,0.25338161,0.44804103,0.413337507,0.360223735,0.350423271,0.377764757,0.430314134,0.534791247,0.203001068,0.298664612,0.291376869,0.336166893,0.243465527,0.260548622,0.286748855,0.309078257,0.238076666,0.494237029,0.407009717,0.222644616,0.447704201,0.321607625,0.287441042,0.549505797,0.295548351,0.305232918,0.613992119,0.377284999,0.380595908,0.504883083,0.197190529,0.511366605,0.224225943,0.233167827,0.227580419,0.364225138,0.261581084,0.293064101,0.269002782,0.520821916,0.213758268,0.261933652,0.364701252,0.368839871,0.286607357,0.260192826,0.305625434,0.325843702,0.296450171,0.456205758,0.311741443,0.396789512,0.209153315,0.274328463,0.552190562,0.354943313,0.332984203,0.265720127,0.332912436,0.419143637,0.386739859,0.411314054,0.416844146,0.502637547,0.376720391,0.368657237,0.318662567,0.420974923,0.439044805,0.326896149,0.394392717,0.284205555,0.354964921,0.469712937,0.231490594,0.249588402,0.222990503,0.265805415,0.478897466,0.382039231,0.284811896,0.384537996,0.259628712,0.337642331,0.402792113,0.313850183
341F-785R-Margo18,0.329547529,0.652747135,0.425580306,0.546776434,0.293595614,0.418683831,0.256760608,0.508326061,0.23896136,0.20936236,0.358931307,0.286488743,0.203227381,0.258520167,0.440392441,0.207503312,0,0.51171153,0.511680793,0.259294793,0.374508231,0.287592172,0.444297353,0.387611126,0.38287905,0.354928861,0.42439897,0.43615313,0.479543666,0.237358965,0.304679348,0.230405603,0.345685411,0.302537247,0.32497679,0.315348689,0.326512712,0.183217583,0.552744564,0.433606115,0.225924355,0.451036458,0.325784722,0.341181127,0.586246486,0.235582191,0.299460826,0.620647821,0.423412033,0.430648849,0.54160868,0.149512815,0.574343439,0.213875385,0.265448261,0.248477181,0.416264611,0.264837507,0.30356486,0.326111174,0.53822645,0.271353815,0.353857279,0.405233791,0.413711877,0.284249009,0.231120969,0.303017626,0.346254361,0.355993994,0.498747859,0.334303481,0.431279191,0.181853351,0.319248091,0.496570875,0.388983069,0.280935182,0.236731878,0.386498513,0.48838333,0.391674631,0.440529309,0.433786783,0.495057145,0.437161212,0.434633738,0.327689604,0.437092122,0.438682456,0.348857265,0.408406038,0.271029227,0.355987253,0.488567006,0.207963079,0.25598151,0.232646218,0.259468119,0.503385763,0.410697181,0.302066931,0.398576494,0.347256705,0.418941051,0.431995424,0.322577874
341F-785R-Margo19,0.652008572,0.250086138,0.758455249,0.854330443,0.553530282,0.736507016,0.547251583,0.771589682,0.579222145,0.386425604,0.47150118,0.622401907,0.553001643,0.547861332,0.735664974,0.565319434,0.51171153,0,0.744486286,0.554492424,0.449767777,0.557056748,0.52289268,0.435882847,0.770509319,0.597317096,0.758157508,0.82656672,0.265394149,0.516595635,0.688781709,0.412266565,0.643782576,0.597836354,0.643747759,0.652910894,0.654575086,0.434978184,0.863024144,0.748583587,0.509673707,0.765926163,0.665173757,0.639534028,0.866604987,0.459172291,0.672613456,0.784015864,0.712345579,0.755107474,0.859128859,0.469367755,0.813017291,0.595789387,0.623817288,0.455097692,0.786607705,0.613076495,0.657040378,0.633531347,0.721215624,0.503518624,0.661028333,0.749859786,0.728719246,0.67497721,0.476792725,0.640492182,0.679809677,0.710324692,0.836853363,0.699344109,0.783533265,0.474916332,0.611418142,0.467752388,0.771452238,0.475873482,0.619969047,0.722487549,0.790570342,0.743077218,0.834089279,0.824519294,0.147641085,0.762747965,0.744357837,0.712994896,0.753939223,0.784957081,0.680235449,0.631934118,0.590836173,0.757992826,0.805584387,0.573007281,0.518029107,0.619808932,0.620170726,0.820357017,0.772513294,0.588723029,0.775940277,0.624149616,0.728616223,0.801102886,0.655521349
341F-785R-Margo1,0.34999401,0.893642811,0.420013915,0.470374205,0.328299717,0.348242882,0.345210306,0.397245859,0.393189526,0.480948335,0.574930493,0.346071049,0.412035438,0.428694724,0.311484318,0.449786015,0.511680793,0.744486286,0,0.359011859,0.605652055,0.319313426,0.607113505,0.54750398,0.47775114,0.430085947,0.413488284,0.492825174,0.671681606,0.45431665,0.387446245,0.484093829,0.298023627,0.358944349,0.370373563,0.364528411,0.302415261,0.413212462,0.333129535,0.424940419,0.446950006,0.40126557,0.374518969,0.354051535,0.364884365,0.49679995,0.427462428,0.595825932,0.271351648,0.356795839,0.445452193,0.455767662,0.222403048,0.468972403,0.368302247,0.4523101,0.411511705,0.368758942,0.38498609,0.317287017,0.409859877,0.474804035,0.348240117,0.392253904,0.3431743,0.394636036,0.469830704,0.38222649,0.339623381,0.37397334,0.378785712,0.367010068,0.400788269,0.424994307,0.334192554,0.612592739,0.358148015,0.527813451,0.432517947,0.400770837,0.331653681,0.400952804,0.482228393,0.45536157,0.688434668,0.417107326,0.372858287,0.433755132,0.447008885,0.401716024,0.352286818,0.373206317,0.36141075,0.438585836,0.351576858,0.40451802,0.442640538,0.418536981,0.346600922,0.449006916,0.442220229,0.334546287,0.446135464,0.343167223,0.319727592,0.468214207,0.289680954
341F-785R-Margo20,0.331478136,0.755529755,0.369859086,0.530346162,0.178590233,0.294533879,0.191469045,0.435365335,0.229858748,0.250136537,0.389230998,0.240147355,0.155059919,0.274990193,0.316011654,0.239209646,0.259294793,0.554492424,0.359011859,0,0.444176906,0.178399853,0.481502866,0.419224388,0.378641044,0.255169553,0.372134014,0.424593397,0.555603767,0.292716013,0.310617227,0.255528061,0.251373248,0.353186458,0.269658742,0.333696603,0.218950952,0.252687406,0.487525849,0.375263305,0.329243627,0.373513585,0.296749951,0.256855398,0.546086256,0.265468834,0.338251577,0.605352416,0.29674363,0.36240082,0.490863603,0.236504529,0.42681294,0.240924069,0.286231905,0.24480353,0.405392903,0.279556836,0.285685586,0.22812885,0.487009949,0.349136958,0.309763087,0.340684732,0.303766691,0.307986262,0.283434306,0.265943858,0.294481081,0.360308433,0.472270928,0.310073357,0.391107705,0.201117401,0.226214601,0.592052287,0.366148565,0.330066587,0.267295558,0.373532975,0.414078982,0.330600963,0.437961764,0.402966848,0.552628232,0.363004968,0.378028912,0.333400618,0.383808603,0.470271176,0.250407048,0.321316507,0.230312317,0.362398571,0.425669428,0.255139865,0.293076277,0.224176272,0.248913805,0.497978862,0.366840348,0.358422599,0.381569905,0.309596234,0.363479809,0.39535209,0.220499597
341F-785R-Margo21,0.455502175,0.592964451,0.580113994,0.681177898,0.449034873,0.603846984,0.422076529,0.642370369,0.439570623,0.336882992,0.17405697,0.496950418,0.435713622,0.416186202,0.605311768,0.315304245,0.374508231,0.449767777,0.605652055,0.444176906,0,0.426142831,0.509887501,0.399773968,0.584284374,0.512923368,0.552199869,0.62560014,0.414939045,0.24885673,0.507639091,0.335159601,0.506033643,0.397554359,0.494673168,0.473949193,0.506953605,0.359481272,0.687500474,0.60101355,0.372064313,0.63808984,0.498538813,0.510649951,0.727950315,0.410629053,0.499155324,0.67834761,0.558520187,0.569268961,0.682960573,0.351460216,0.686894004,0.455898542,0.475391796,0.266234062,0.563364145,0.465558859,0.498194416,0.472703543,0.629429853,0.31844561,0.462413564,0.559651756,0.55977721,0.500624417,0.376808432,0.509208268,0.529164752,0.527285209,0.635373179,0.517916788,0.577298288,0.416999708,0.47028637,0.497924838,0.567102613,0.354768187,0.462536914,0.520543639,0.646885668,0.577254498,0.645248881,0.615815462,0.387691196,0.581415345,0.597128481,0.51979814,0.574384111,0.604841158,0.527991855,0.530502989,0.483292804,0.55098128,0.646938707,0.426194653,0.404561746,0.443949878,0.473885482,0.636294463,0.568925468,0.417536131,0.575998971,0.468171375,0.586628986,0.605340735,0.501796039
341F-785R-Margo22,0.282560891,0.726598931,0.388378626,0.479655021,0.242749363,0.347692663,0.233766293,0.422153984,0.194992991,0.274832633,0.402556978,0.230103095,0.172101829,0.223897211,0.301930292,0.25338161,0.287592172,0.557056748,0.319313426,0.178399853,0.426142831,0,0.417307849,0.402686778,0.415627039,0.244206669,0.325440429,0.420705249,0.508580836,0.281538274,0.305027126,0.258774503,0.293762509,0.281827057,0.329757131,0.246721497,0.258297618,0.234138777,0.449036444,0.350738296,0.30724749,0.409103826,0.349538249,0.255826535,0.515910033,0.273304773,0.317963609,0.556586423,0.323176872,0.342081583,0.443271974,0.258049768,0.425172734,0.261422644,0.293331276,0.268701118,0.386504478,0.268410874,0.300520458,0.236599411,0.455243315,0.331167504,0.324392776,0.30926894,0.307702631,0.317266113,0.326770501,0.281698968,0.307365614,0.337937157,0.43025795,0.306492333,0.42115726,0.235721534,0.206062028,0.549685501,0.381783507,0.348246186,0.286211015,0.354483861,0.420836487,0.35122769,0.430678052,0.392689669,0.514189237,0.35796898,0.391583979,0.344319846,0.375236796,0.402524344,0.265233942,0.234104896,0.233147749,0.385124792,0.375800414,0.238588248,0.253540783,0.226214371,0.223150209,0.427751597,0.378361117,0.292924272,0.369830086,0.229125277,0.363341828,0.402439895,0.282997343
341F-785R-Margo23,0.530434966,0.607035496,0.570252876,0.712082624,0.511057355,0.680298951,0.509608211,0.6247804,0.437358867,0.41571683,0.55417462,0.563173844,0.444286832,0.361818179,0.597666874,0.44804103,0.444297353,0.52289268,0.607113505,0.481502866,0.509887501,0.417307849,0,0.424845346,0.583788668,0.423226376,0.48609764,0.672059094,0.402604286,0.482688824,0.573081133,0.360707924,0.576138008,0.47568017,0.574830986,0.507119859,0.583276258,0.437535374,0.648898402,0.568483216,0.444276677,0.712624569,0.535867701,0.47748862,0.731650482,0.371226374,0.553767062,0.651079031,0.63662016,0.587364827,0.667797317,0.415291731,0.689072878,0.499739412,0.532664342,0.482105875,0.619854457,0.485672366,0.551604368,0.540035144,0.483049383,0.484571216,0.59633007,0.559176624,0.600029933,0.582727585,0.478774771,0.581712993,0.617453429,0.583053483,0.694624495,0.589903188,0.635144384,0.447326946,0.536772947,0.451363039,0.632334804,0.404847871,0.449807992,0.561895817,0.640695889,0.652782059,0.651915456,0.635007722,0.492441332,0.557986468,0.677269736,0.550183784,0.499116464,0.652144815,0.536718319,0.423354016,0.493041893,0.643366894,0.605714922,0.481783849,0.361828697,0.467076749,0.536879628,0.668537688,0.63024591,0.437718541,0.643187572,0.461292954,0.597027312,0.618992009,0.58630664
341F-785R-Margo24,0.469743597,0.555210981,0.569055151,0.682231738,0.397762713,0.62640127,0.483956701,0.561886959,0.433242864,0.3159801,0.419743645,0.528669896,0.399890534,0.33360667,0.574972269,0.413337507,0.387611126,0.435882847,0.54750398,0.419224388,0.399773968,0.402686778,0.424845346,0,0.61609068,0.475138053,0.54320428,0.667656668,0.332823229,0.443016459,0.551566922,0.366606317,0.559052414,0.436429124,0.484241556,0.470677927,0.542307984,0.388438881,0.607761402,0.595306443,0.383576155,0.675873081,0.456112516,0.474411444,0.642864477,0.433714367,0.545035835,0.639979473,0.579672717,0.575446316,0.625291323,0.379048283,0.61009898,0.474014004,0.470595571,0.445565613,0.580389452,0.486031018,0.538584809,0.525322924,0.507224792,0.39174267,0.538553083,0.54446021,0.616066799,0.527713453,0.325275548,0.547262085,0.568417212,0.510600694,0.630372486,0.550182371,0.577734039,0.423430531,0.506678331,0.446468224,0.570102126,0.348906963,0.515356155,0.563739129,0.568189322,0.633211131,0.613220531,0.6268573,0.393804677,0.558181494,0.613013874,0.579191922,0.583845403,0.59508089,0.564614507,0.504698261,0.490827834,0.590812432,0.589254308,0.469951142,0.358532124,0.454141803,0.464930039,0.654128142,0.626132208,0.427792334,0.617765271,0.40091824,0.477491487,0.619763763,0.565026338
341F-785R-Margo25,0.359863507,0.912578477,0.289122598,0.387827225,0.435767145,0.275290734,0.424201322,0.417474225,0.362446181,0.498703236,0.559955756,0.279838154,0.316520787,0.458595902,0.367803427,0.360223735,0.38287905,0.770509319,0.47775114,0.378641044,0.584284374,0.415627039,0.583788668,0.61609068,0,0.436014416,0.284479719,0.221863757,0.726703306,0.463705961,0.25092755,0.47445967,0.343941237,0.499292104,0.323792406,0.322933473,0.284587849,0.455294435,0.402601059,0.313972764,0.45391878,0.332361782,0.376614613,0.329863282,0.453121475,0.436549938,0.259754056,0.578197248,0.35836341,0.301616195,0.414793454,0.416013405,0.455662337,0.218084693,0.328396086,0.494857001,0.258794502,0.324877666,0.212933202,0.270431225,0.536905142,0.500710398,0.370432122,0.25198416,0.245081103,0.279653208,0.486502903,0.220632291,0.265120413,0.271228467,0.333207757,0.252711986,0.435165976,0.39505874,0.349569428,0.718127688,0.263195813,0.517841056,0.237159137,0.242439421,0.389203175,0.243629078,0.320322836,0.189976332,0.740779091,0.34258287,0.311673766,0.171206767,0.329534806,0.338285143,0.20354969,0.428406788,0.303671642,0.257038378,0.46390633,0.340296348,0.463703202,0.262391874,0.328347611,0.345203386,0.221342588,0.478489689,0.211157659,0.452964305,0.35445886,0.297290213,0.314961579
341F-785R-Margo26,0.391861628,0.787108368,0.395169711,0.546142931,0.290838883,0.387237299,0.30921599,0.457745268,0.277091903,0.311945242,0.47839354,0.302111816,0.255297144,0.309505015,0.356540023,0.350423271,0.354928861,0.597317096,0.430085947,0.255169553,0.512923368,0.244206669,0.423226376,0.475138053,0.436014416,0,0.34639796,0.441839203,0.539114607,0.385932995,0.37758065,0.267791046,0.305014122,0.384213675,0.377049153,0.381550199,0.313508234,0.343025976,0.527979453,0.339595059,0.373637537,0.425712124,0.371917658,0.260849365,0.589275166,0.272195642,0.366771424,0.602848707,0.373390346,0.365958243,0.463972827,0.326639356,0.453910089,0.329587288,0.331734954,0.327913445,0.444535648,0.305569035,0.320059395,0.302754127,0.37088917,0.429062707,0.376701059,0.337886513,0.384084199,0.399813036,0.365465214,0.33548677,0.373999056,0.415605322,0.500294856,0.381648529,0.459476994,0.285251661,0.28699963,0.611563447,0.445145668,0.359465427,0.309402714,0.422675262,0.455093246,0.34828941,0.483332553,0.447264584,0.581934301,0.306537009,0.450621505,0.394495059,0.3836423,0.498601227,0.316144694,0.19534028,0.254359716,0.453308457,0.385948543,0.337909623,0.333366096,0.288112313,0.332644802,0.532830615,0.41672383,0.406742581,0.449192772,0.363871874,0.443673941,0.416135106,0.327377943
341F-785R-Margo27,0.330457238,0.871807698,0.273434449,0.376450998,0.431003286,0.328590212,0.438873824,0.367991936,0.26781044,0.477788687,0.561125028,0.325753434,0.337525734,0.359463184,0.289349617,0.377764757,0.42439897,0.758157508,0.413488284,0.372134014,0.552199869,0.325440429,0.48609764,0.54320428,0.284479719,0.34639796,0,0.311786771,0.626666107,0.446125482,0.302935634,0.42505552,0.407672923,0.458560142,0.366893685,0.286335182,0.315198721,0.428279487,0.321556095,0.18370778,0.467119753,0.386463338,0.418626035,0.24820389,0.41426711,0.424888943,0.33831326,0.50506739,0.365122281,0.248187151,0.35586976,0.415919901,0.411477254,0.345244668,0.377282194,0.504621382,0.255370553,0.367285659,0.32815561,0.298807812,0.407016176,0.485670585,0.398057328,0.230205576,0.256941479,0.314286356,0.497189414,0.329173992,0.301590521,0.287756236,0.321681872,0.297606704,0.415920978,0.449013306,0.32415371,0.68133955,0.290211152,0.497801153,0.334406932,0.262433461,0.317120806,0.303945902,0.305623565,0.265825068,0.712277059,0.273491488,0.325488327,0.270262205,0.309284283,0.300842016,0.290035773,0.270832486,0.28508859,0.28675536,0.326357796,0.328050451,0.38576837,0.261453877,0.318831561,0.307254873,0.261383714,0.440865771,0.274921333,0.369681919,0.326667159,0.242140003,0.381026193
341F-785R-Margo28,0.385926744,0.963867592,0.321246348,0.288735658,0.484965269,0.252749489,0.457303118,0.394989084,0.392994086,0.549045842,0.593072434,0.275887809,0.359460084,0.510548491,0.346914214,0.430314134,0.43615313,0.82656672,0.492825174,0.424593397,0.62560014,0.420705249,0.672059094,0.667656668,0.221863757,0.441839203,0.311786771,0,0.776236927,0.485262522,0.271993253,0.51887833,0.372746938,0.493423624,0.380420591,0.341117796,0.280937813,0.493275907,0.429645636,0.299704259,0.492888675,0.27549569,0.446984947,0.388450291,0.415786936,0.497582735,0.307605707,0.545040237,0.33933703,0.257070478,0.352175477,0.465325749,0.45273081,0.322738522,0.362850403,0.533224102,0.223925433,0.368618757,0.253416565,0.304927299,0.604492655,0.565499947,0.399801683,0.256073303,0.23915699,0.285436472,0.539013025,0.263002275,0.269681143,0.258343883,0.264999822,0.25025336,0.48104509,0.461953282,0.361846175,0.784750223,0.283537563,0.561152745,0.347953703,0.285151797,0.393122466,0.220564324,0.285156748,0.177043892,0.798558516,0.351045149,0.291234451,0.24927444,0.28907202,0.310852064,0.268127842,0.445995521,0.334268768,0.240548557,0.484961938,0.376740106,0.504990459,0.29844193,0.350152062,0.269615997,0.164626819,0.514070648,0.182995699,0.486656889,0.391125635,0.239313569,0.353477273
341F-785R-Margo29,0.596061727,0.341980802,0.659774232,0.811403829,0.588838471,0.749959068,0.571502729,0.714367582,0.498443434,0.400523753,0.462094686,0.627336223,0.522443078,0.416139314,0.663545294,0.534791247,0.479543666,0.265394149,0.671681606,0.555603767,0.414939045,0.508580836,0.402604286,0.332823229,0.726703306,0.539114607,0.626666107,0.776236927,0,0.50986634,0.654395663,0.375863925,0.668885793,0.534196871,0.63789497,0.595448783,0.654791946,0.456322988,0.737965843,0.653932103,0.434875388,0.774426182,0.606429434,0.559138833,0.767284666,0.405097994,0.638106186,0.736545139,0.723379525,0.674209838,0.768367035,0.436518705,0.7528403,0.576565768,0.549731467,0.475411851,0.685081041,0.534854775,0.639806529,0.63856681,0.586448495,0.442713392,0.653647473,0.659374283,0.731202257,0.63719423,0.435111359,0.650156616,0.690280494,0.633591062,0.749434945,0.665840708,0.703185593,0.514168947,0.613032316,0.374301671,0.686130193,0.370312785,0.608235216,0.683375217,0.658918747,0.749792378,0.739933449,0.74001306,0.216076753,0.659357143,0.749650922,0.672884605,0.703271043,0.72503133,0.678706182,0.54174274,0.560874231,0.714561548,0.661135216,0.543753588,0.427406422,0.566717805,0.609298153,0.768187533,0.74721949,0.494215013,0.727208559,0.528541082,0.627896767,0.687216066,0.664788825
